94
0.0     0.917
0.03663 0.917
0.07255 1.703
0.11247 1.703
0.14839 2.292
0.18831 2.292
0.22423 2.881
0.25617 3.863
0.29608 4.452
0.33201 5.238
0.36394 6.221
0.39587 7.4
0.42781 8.579
0.45974 9.561
0.48768 10.937
0.51961 12.116
0.55554 12.901
0.58747 13.884
0.6194 14.866
0.65134 16.045
0.68726 17.028
0.72318 17.617
0.75911 18.206
0.79503 18.992
0.83096 19.188
0.87087 19.581
0.9068 19.974
0.94671 20.366
0.98264 20.955
1.01856 21.348
1.05848 21.937
1.0944 22.33
1.13033 22.919
1.16625 23.116
1.20218 23.705
1.24209 23.704
1.28201 24.294
1.31793 24.686
1.35785 24.882
1.39377 25.668
1.43369 25.864
1.46961 26.257
1.50953 26.453
1.54945 26.846
1.58936 26.845
1.62928 26.845
1.6652 27.434
1.70512 27.63
1.74503 27.63
1.78096 28.023
1.82088 28.219
1.86079 28.218
1.90071 28.218
1.94062 28.217
1.98054 28.217
2.02046 28.806
2.06037 28.806
2.10029 28.805
2.1402 28.805
2.18012 28.804
2.22004 28.804
2.25596 29.393
2.29188 29.589
2.3318 29.589
2.37172 29.588
2.41163 29.981
2.44756 29.588
2.48348 30.177
2.5234 30.176
2.56331 30.176
2.60323 30.176
2.64315 30.175
2.68306 30.175
2.72298 30.174
2.76289 30.174
2.80281 30.173
2.84273 30.173
2.88264 30.172
2.92256 30.172
2.96247 30.172
3.00239 30.171
3.03831 29.581
3.07823 29.581
3.11815 29.58
3.15407 29.776
3.19399 29.579
3.2339 29.579
3.27382 29.578
3.30575 30.168
3.34567 29.578
3.38159 29.774
3.41353 30.166
3.45344 30.166
3.49336 30.166
