129
-19.8627 0.08892
-18.8902 0.08948
-18.1679 0.085735
-17.7468 0.084855
-17.4149 0.090485
-16.9449 0.101777
-16.5461 0.113198
-15.9552 0.123108
-15.1532 0.119518
-14.2724 0.117811
-13.4342 0.121878
-12.5683 0.12246
-11.5958 0.124696
-10.6915 0.126673
-9.8129 0.127492
-8.8403 0.129729
-8.0898 0.134561
-7.3407 0.142025
-6.5024 0.14952
-5.7413 0.155211
-5.0305 0.162147
-4.139 0.167116
-3.2753 0.168419
-2.4371 0.171092
-1.7817 0.180646
-1.2298 0.190394
-0.4913 0.197361
0.048 0.199823
0.4279 0.19851
1.2103 0.19312
1.98 0.188421
2.4576 0.176888
2.7424 0.165542
3.0751 0.153213
3.377 0.140502
3.5854 0.128913
3.7371 0.11583
4.0321 0.091997
4.2221 0.078738
4.3876 0.067144
4.51 0.054775
4.7709 0.042557
4.9942 0.029954
5.5299 0.021857
6.0275 0.017809
6.6273 0.016929
7.393 0.014465
8.2098 0.013586
9.1031 0.011122
10.0474 0.007955
10.888 0.005677
11.8604 0.005119
12.7923 0.004447
13.6432 0.003444
14.6561 0.003445
15.5096 0.002855
16.3579 0.002329
17.3708 0.001212
18.8556 0.000387
20.0044 9.7e-05
21.0024 -0.001165
21.8277 -0.002137
22.8407 -0.002136
23.7064 -0.004921
24.5145 -0.006843
25.0952 -0.007172
25.3107 -0.01069
25.5786 -0.014211
25.9616 -0.010162
26.4926 -0.008051
27.0081 -0.009985
27.7581 -0.011632
28.7692 -0.016144
29.2907 -0.023521
29.7387 -0.02829
30.0117 -0.022248
30.2751 -0.016671
30.4307 -0.0099
30.5435 -0.00558
30.6713 0.000229
31.1056 0.011672
31.4506 0.023818
31.5784 0.02998
31.8088 0.039635
32.2576 0.047169
32.6766 0.047936
33.1488 0.046881
33.8122 0.046664
34.7057 0.042058
35.6608 0.037412
36.4748 0.031463
37.1955 0.022385
38.1124 0.020296
38.7759 0.013087
39.618 0.004638
40.3197 -0.001346
41.1109 -0.004338
41.9913 -0.009794
42.8079 -0.016131
43.5277 -0.02183
44.1524 -0.030618
44.7155 -0.041144
45.1557 -0.051946
45.7511 -0.059678
46.2012 -0.061016
46.8106 -0.059562
47.5759 -0.062065
48.2307 -0.07047
49.0595 -0.077385
49.9784 -0.077384
50.6894 -0.073997
51.5256 -0.066058
52.023 -0.064042
52.3272 -0.062419
52.6591 -0.060658
53.1058 -0.064142
53.9715 -0.070227
54.4071 -0.072451
54.8051 -0.071604
55.5369 -0.064698
56.271 -0.056231
56.5137 -0.051148
56.742 -0.045603
57.1908 -0.036309
57.548 -0.03284
58.1333 -0.034776
58.8107 -0.041874
59.4677 -0.050164
59.8828 -0.054666
