2 129 149
-19.8652 0.0
59.5912 0.0
-19.8627 0.08892
-18.8902 0.08948
-18.1679 0.085735
-17.7468 0.084855
-17.4149 0.090485
-16.9449 0.101777
-16.5461 0.113198
-15.9552 0.123108
-15.1532 0.119518
-14.2724 0.117811
-13.4342 0.121878
-12.5683 0.12246
-11.5958 0.124696
-10.6915 0.126673
-9.8129 0.127492
-8.8403 0.129729
-8.0898 0.134561
-7.3407 0.142025
-6.5024 0.14952
-5.7413 0.155211
-5.0305 0.162147
-4.139 0.167116
-3.2753 0.168419
-2.4371 0.171092
-1.7817 0.180646
-1.2298 0.190394
-0.4913 0.197361
0.048 0.199823
0.4279 0.19851
1.2103 0.19312
1.98 0.188421
2.4576 0.176888
2.7424 0.165542
3.0751 0.153213
3.377 0.140502
3.5854 0.128913
3.7371 0.11583
4.0321 0.091997
4.2221 0.078738
4.3876 0.067144
4.51 0.054775
4.7709 0.042557
4.9942 0.029954
5.5299 0.021857
6.0275 0.017809
6.6273 0.016929
7.393 0.014465
8.2098 0.013586
9.1031 0.011122
10.0474 0.007955
10.888 0.005677
11.8604 0.005119
12.7923 0.004447
13.6432 0.003444
14.6561 0.003445
15.5096 0.002855
16.3579 0.002329
17.3708 0.001212
18.8556 0.000387
20.0044 9.7e-05
21.0024 -0.001165
21.8277 -0.002137
22.8407 -0.002136
23.7064 -0.004921
24.5145 -0.006843
25.0952 -0.007172
25.3107 -0.01069
25.5786 -0.014211
25.9616 -0.010162
26.4926 -0.008051
27.0081 -0.009985
27.7581 -0.011632
28.7692 -0.016144
29.2907 -0.023521
29.7387 -0.02829
30.0117 -0.022248
30.2751 -0.016671
30.4307 -0.0099
30.5435 -0.00558
30.6713 0.000229
31.1056 0.011672
31.4506 0.023818
31.5784 0.02998
31.8088 0.039635
32.2576 0.047169
32.6766 0.047936
33.1488 0.046881
33.8122 0.046664
34.7057 0.042058
35.6608 0.037412
36.4748 0.031463
37.1955 0.022385
38.1124 0.020296
38.7759 0.013087
39.618 0.004638
40.3197 -0.001346
41.1109 -0.004338
41.9913 -0.009794
42.8079 -0.016131
43.5277 -0.02183
44.1524 -0.030618
44.7155 -0.041144
45.1557 -0.051946
45.7511 -0.059678
46.2012 -0.061016
46.8106 -0.059562
47.5759 -0.062065
48.2307 -0.07047
49.0595 -0.077385
49.9784 -0.077384
50.6894 -0.073997
51.5256 -0.066058
52.023 -0.064042
52.3272 -0.062419
52.6591 -0.060658
53.1058 -0.064142
53.9715 -0.070227
54.4071 -0.072451
54.8051 -0.071604
55.5369 -0.064698
56.271 -0.056231
56.5137 -0.051148
56.742 -0.045603
57.1908 -0.036309
57.548 -0.03284
58.1333 -0.034776
58.8107 -0.041874
59.4677 -0.050164
59.8828 -0.054666
-19.8271 0.94283
-18.976 0.98484
-18.2059 1.01362
-17.8823 1.1012
-17.6803 1.18201
-17.4783 1.25958
-17.3169 1.34039
-17.1682 1.4212
-17.045 1.49674
-16.8964 1.58162
-16.7221 1.66039
-16.5712 1.74102
-16.1989 1.83692
-15.5375 1.85109
-14.8071 1.79614
-14.3635 1.78616
-13.9152 1.80906
-13.3805 1.8279
-13.0233 1.82198
-12.05 1.80905
-11.0363 1.80581
-10.0226 1.80581
-9.0493 1.78318
-8.0763 1.7961
-7.1439 1.81872
-6.3334 1.8672
-5.4416 1.88983
-4.4685 1.89952
-3.6166 1.85749
-2.9801 1.79931
-2.6136 1.78712
-2.1565 1.81223
-1.3866 1.86718
-0.8902 1.87569
-0.535 1.85425
-0.0722 1.80034
0.48 1.71202
0.8862 1.63767
1.3734 1.56656
1.9416 1.50191
2.591 1.43726
3.0377 1.36615
3.3628 1.28857
3.5662 1.21099
3.7697 1.13018
3.9326 1.05261
4.0955 0.9718
4.2585 0.89099
4.3809 0.81018
4.5438 0.7326
4.7067 0.65179
4.8696 0.57099
4.9918 0.50957
5.1953 0.42876
5.3988 0.35118
5.6428 0.27361
5.9679 0.19603
6.4551 0.12492
7.1449 0.06673
7.9563 0.02471
8.4235 0.00748
9.1728 0.00854
10.1458 0.02793
11.1189 0.03439
12.1326 0.03115
13.1463 0.03438
14.16 0.03114
15.1332 0.02144
16.1064 0.01174
17.1202 0.00527
18.1339 0.00203
19.107 0.00849
20.1206 0.01495
21.0938 0.01171
22.1074 0.01494
23.121 0.0214
24.0942 0.01493
25.0675 0.00523
26.0407 -0.00447
27.0139 -0.01418
27.9869 -0.00125
28.4773 0.00277
28.8786 0.04076
29.2812 0.11307
29.5109 0.19591
29.6874 0.27349
29.8488 0.35429
30.0103 0.4351
30.1574 0.50616
30.2927 0.59025
30.4136 0.67106
30.575 0.75187
30.6959 0.82944
30.8574 0.91025
30.9783 0.99106
31.1398 1.06863
31.3418 1.14944
31.5032 1.23024
31.7458 1.30782
31.9883 1.38539
32.2715 1.46297
32.5951 1.54054
32.9594 1.61488
33.3236 1.69246
33.7689 1.76357
34.2954 1.83144
34.9436 1.89285
35.7136 1.94133
36.2203 1.95305
36.6816 1.94981
37.082 1.94658
37.619 1.97042
38.3484 2.02536
39.281 2.02536
40.1734 1.98656
40.6195 1.97323
41.106 1.98656
41.5367 1.99625
42.0791 1.98979
42.931 1.94776
43.6613 1.89281
44.108 1.8217
44.4736 1.74412
44.7987 1.66654
45.0832 1.5922
45.4894 1.51785
46.0981 1.4629
46.9493 1.50168
47.6796 1.44996
48.0857 1.37885
48.4919 1.3045
48.9386 1.23016
49.5421 1.18773
50.2815 1.24874
50.7016 1.32065
51.1165 1.39701
51.6937 1.46287
52.5855 1.48872
53.2752 1.437
53.803 1.36589
54.3308 1.29801
55.1421 1.25275
56.1153 1.24305
57.0481 1.23012
57.6163 1.16547
58.1441 1.09759
58.7123 1.0297
59.159 0.95859
59.7678 0.89717
