115
-19.8652 0.012913
-18.8523 0.011796
-17.9205 0.008444
-16.9887 0.003415
-16.5228 0.002018
-16.0163 0.002857
-15.368 0.004534
-15.0438 0.003976
-14.0715 0.001741
-13.0991 -0.00217
-12.1266 0.000625
-11.1541 0.002862
-10.1816 0.003421
-9.2496 0.006776
-8.7633 0.010129
-8.3581 0.008453
-7.6291 -0.001047
-7.1633 -0.006356
-6.8188 -0.002723
-6.3932 0.002307
-5.9678 0.001749
-5.036 -0.001603
-4.7321 -0.003559
-4.0635 7.4e-05
-3.0909 0.002311
-2.2804 0.009018
-1.9156 0.012651
-1.4295 0.007901
-1.0447 0.004269
-0.5382 0.005666
0.0087 0.001196
0.1707 -0.000201
0.3531 0.001196
1.2042 0.009021
2.1363 0.012934
2.987 0.007346
3.4731 0.003714
3.8783 0.005112
4.6889 0.012937
5.5805 0.017408
6.5124 0.017968
7.4039 0.018528
8.1939 0.014896
8.9839 0.012941
9.8956 0.014059
10.7668 0.016296
11.7393 0.017414
12.7118 0.020769
13.7249 0.023005
14.6973 0.023006
15.7102 0.021889
16.6827 0.020772
17.6956 0.020214
18.7085 0.019657
19.7215 0.019099
20.6939 0.018541
21.7068 0.016865
22.6791 0.013513
23.6921 0.012396
24.6645 0.011279
25.6369 0.01128
26.4475 0.017429
27.3795 0.020783
28.3114 0.018548
28.757 0.017151
29.5674 0.017432
30.4586 0.011844
31.2687 0.003461
32.1194 -0.003803
32.7673 -0.014421
33.2129 -0.017774
33.7598 -0.020289
34.2055 -0.01917
34.5906 -0.015537
35.3202 -0.006036
35.7662 0.000951
36.1713 -0.001005
36.8192 -0.011064
37.4672 -0.021682
38.2372 -0.015534
38.8859 -0.004915
39.2709 -0.001561
39.8381 -0.005193
40.3039 -0.008266
40.709 -0.010781
41.1549 -0.006589
42.1275 -0.001558
43.1 0.000119
43.6065 0.000399
44.0725 0.004032
45.0046 0.007945
46.0175 0.007388
46.9088 0.002359
47.6789 0.010742
48.53 0.016332
49.4617 0.011303
49.8466 0.010744
50.4341 0.010186
50.9407 0.012981
51.3661 0.010746
52.3384 0.006835
53.3109 0.009071
54.2025 0.01522
54.6077 0.015779
55.1749 0.012426
55.7218 0.009632
56.1473 0.011309
56.6945 0.016619
56.9983 0.014105
57.3425 0.009913
57.8896 0.01187
58.3352 0.008517
58.6997 0.004046
59.0035 0.001811
59.5912 0.006283
