          48          48
  0.25000000000000000       0.34999999999999998        0.0000000000000000     
  0.30555555555555552       0.34999999999999998        0.0000000000000000     
  0.33333333333333331       0.30188747756753115        0.0000000000000000     
  0.36111111111111110       0.34999999999999998        0.0000000000000000     
  0.41666666666666663       0.34999999999999998        0.0000000000000000     
  0.44444444444444442       0.30188747756753120        0.0000000000000000     
  0.41666666666666663       0.25377495513506243        0.0000000000000000     
  0.47222222222222215       0.25377495513506237        0.0000000000000000     
  0.49999999999999994       0.20566243270259357        0.0000000000000000     
  0.52777777777777768       0.25377495513506237        0.0000000000000000     
  0.58333333333333326       0.25377495513506237        0.0000000000000000     
  0.55555555555555547       0.30188747756753120        0.0000000000000000     
  0.58333333333333326       0.34999999999999998        0.0000000000000000     
  0.63888888888888884       0.34999999999999998        0.0000000000000000     
  0.66666666666666663       0.30188747756753115        0.0000000000000000     
  0.69444444444444442       0.34999999999999998        0.0000000000000000     
  0.75000000000000000       0.34999999999999998        0.0000000000000000     
  0.72222222222222221       0.39811252243246881        0.0000000000000000     
  0.75000000000000000       0.44622504486493758        0.0000000000000000     
  0.69444444444444442       0.44622504486493758        0.0000000000000000     
  0.66666666666666663       0.49433756729740641        0.0000000000000000     
  0.69444444444444442       0.54245008972987518        0.0000000000000000     
  0.74999999999999989       0.54245008972987518        0.0000000000000000     
  0.72222222222222221       0.59056261216234396        0.0000000000000000     
  0.75000000000000000       0.63867513459481273        0.0000000000000000     
  0.69444444444444442       0.63867513459481273        0.0000000000000000     
  0.66666666666666674       0.68678765702728151        0.0000000000000000     
  0.63888888888888895       0.63867513459481284        0.0000000000000000     
  0.58333333333333337       0.63867513459481284        0.0000000000000000     
  0.55555555555555558       0.68678765702728162        0.0000000000000000     
  0.58333333333333337       0.73490017945975050        0.0000000000000000     
  0.52777777777777779       0.73490017945975050        0.0000000000000000     
  0.50000000000000000       0.78301270189221928        0.0000000000000000     
  0.47222222222222221       0.73490017945975050        0.0000000000000000     
  0.41666666666666663       0.73490017945975039        0.0000000000000000     
  0.44444444444444448       0.68678765702728162        0.0000000000000000     
  0.41666666666666669       0.63867513459481284        0.0000000000000000     
  0.36111111111111116       0.63867513459481284        0.0000000000000000     
  0.33333333333333337       0.68678765702728173        0.0000000000000000     
  0.30555555555555558       0.63867513459481284        0.0000000000000000     
  0.25000000000000006       0.63867513459481284        0.0000000000000000     
  0.27777777777777785       0.59056261216234407        0.0000000000000000     
  0.25000000000000000       0.54245008972987530        0.0000000000000000     
  0.30555555555555558       0.54245008972987518        0.0000000000000000     
  0.33333333333333337       0.49433756729740641        0.0000000000000000     
  0.30555555555555558       0.44622504486493758        0.0000000000000000     
  0.25000000000000006       0.44622504486493764        0.0000000000000000     
  0.27777777777777779       0.39811252243246881        0.0000000000000000     
           1           2
           2           3
           3           4
           4           5
           5           6
           6           7
           7           8
           8           9
           9          10
          10          11
          11          12
          12          13
          13          14
          14          15
          15          16
          16          17
          17          18
          18          19
          19          20
          20          21
          21          22
          22          23
          23          24
          24          25
          25          26
          26          27
          27          28
          28          29
          29          30
          30          31
          31          32
          32          33
          33          34
          34          35
          35          36
          36          37
          37          38
          38          39
          39          40
          40          41
          41          42
          42          43
          43          44
          44          45
          45          46
          46          47
          47          48
          48           1
