363 200
-1951.009288781086 2829.5110764631 0
1341.629320729642 -1748.022929003792 0
485.011480905502 2663.69058536662 0
-866.484965782254 2950.61180731932 0
548.8435813281679 -1733.133311940058 0
-56.5515045013368 -2769.923717571 0
-1719.28757300302 2704.585819739093 0
-1474.986064485449 2606.345474689171 0
-1237.061010983742 2646.206971783522 0
-1137.497029877664 2886.468734796901 0
-1018.800785048081 3108.92884006138 0
-798.1911893663826 3244.548434959526 0
-570.0210658178115 3166.163203702203 0
-334.0709938879822 3115.337911604867 0
-108.4917722019451 3247.675681626887 0
153.0093113176758 3274.614667287785 0
411.7885055740996 3321.112834233999 0
662.1951107362864 3402.746586795975 0
913.0029923062116 3483.142955390425 0
1171.251925217712 3533.090074508392 0
1428.814500664766 3496.209343965019 0
1614.884697205285 3313.331698043838 0
1776.006239478041 3105.069444547551 0
1940.520367345694 2899.794522089041 0
1900.111749378762 2670.868939975763 0
1673.500085691792 2537.501017430324 0
1427.626844380389 2443.49478603949 0
1174.346136846266 2371.171696708673 0
922.0491479373111 2295.602879733704 0
678.2745604191593 2196.1100965851 0
444.7911334016068 2074.290642533807 0
220.1807320582557 1936.730003381851 0
2.233843996203424 1788.801590650804 0
-211.1206641428028 1634.310105238993 0
-421.0368084730814 1475.171263252743 0
-628.630473312457 1313.011895871044 0
-831.7180469239104 1145.27537485212 0
-1026.225498700598 967.6677598858789 0
-1213.209902098221 782.1365978068104 0
-1392.664006943265 589.340094901846 0
-1135.338134375507 694.2635975747168 0
-918.1044701042626 843.2524814678004 0
-694.3774441893232 982.2038315979137 0
-458.5206550937285 1099.235929213237 0
-213.1191293064937 1194.891351760035 0
32.11418560085824 1290.997437199031 0
274.7018409922686 1393.671833046808 0
521.4709587643729 1485.641113249238 0
777.1526857306832 1547.921454044427 0
1039.693389889034 1565.82916180798 0
1302.913773768749 1556.477200115572 0
1565.947796887605 1542.352351947763 0
1829.202000888246 1533.143301363694 0
2089.280290935925 1494.668647623852 0
2321.642900383245 1374.882527375722 0
2492.911508180991 1176.237393502691 0
2599.085111899217 936.2839629123308 0
2593.126206672386 677.3071184637053 0
2416.334645916325 488.319965609591 0
2167.613647766532 407.9833250156713 0
1906.368169166842 432.0449933660925 0
1650.499027336253 494.5552268407985 0
1388.514804053108 513.7690622586737 0
1127.984426893532 476.7036620223873 0
872.1493323210384 414.0613408475157 0
616.3536313648627 351.2393714393985 0
356.3415160684069 309.5539694643193 0
97.37542324183619 262.5960674174594 0
-139.3014352324446 150.4042113904692 0
-317.4096126333704 -41.81234374148596 0
-252.9194460702077 -173.185160850618 0
-10.72342385550243 -70.01534282164063 0
229.4451227037595 38.09338816540128 0
475.8875646417478 131.1103584534596 0
720.0003093207295 105.1038030749234 0
848.878103857475 -122.5602210937821 0
829.0476307315786 -370.8724166007751 0
625.2886899324558 -536.9171805145818 0
437.6715090229873 -720.8987827447593 0
308.3411076123227 -949.3012101319207 0
293.556632894223 -1193.28661889721 0
553.6518924222175 -1198.225345483703 0
815.471427029274 -1169.310902171041 0
1078.505403652285 -1167.346554936449 0
1334.040631181228 -1227.639687671006 0
1533.786693788982 -1391.660607185006 0
1558.949549294684 -1646.069974834206 0
1112.353563639194 -1623.078259024526 0
960.4473284650057 -1782.041267130702 0
996.6296616448235 -2043.278947688527 0
1041.480014768183 -2303.310692355873 0
1029.974023133807 -2566.337614510802 0
971.4582501681125 -2823.638633175598 0
893.061019456588 -3075.628437201194 0
763.6141014625517 -3304.11627886756 0
557.2821757549115 -3466.199936229534 0
304.5521038107581 -3535.122763500157 0
44.73983413249319 -3497.197203365544 0
-191.8469152854523 -3381.804468716404 0
-392.0405190494013 -3210.840028329878 0
-538.3405419589308 -2992.210167576938 0
-622.9894293264331 -2742.521095884142 0
-746.399121738265 -2512.179028523065 0
-922.4485733524394 -2316.054315197177 0
-988.8527556237772 -2065.103082975073 0
-843.7296985156943 -1862.01317078111 0
-604.1644952429788 -1751.984778153993 0
-376.7652020756967 -1618.431929937458 0
-139.0889674349433 -1503.809221028083 0
-207.3520167785595 -1335.396821346945 0
-241.0798890087492 -1088.250856072784 0
-90.28260838265601 -874.9754217330531 0
94.6298697102682 -687.1096901164823 0
229.6490035371928 -460.88100539663 0
323.6180150185785 -214.5365572541912 0
151.7959775880929 -183.5098822000255 0
-76.27606011790256 -316.4570851869964 0
-316.4836039986839 -425.1244004388765 0
-524.0052589410604 -581.9383611357218 0
-716.5355652860001 -756.0201180994155 0
-905.5376052523234 -607.9387802938458 0
-869.5511103057593 -350.2818375115182 0
-727.237012336961 -129.3721909214292 0
-538.4154014086714 54.90785473540799 0
-337.9428882173789 226.6428260108181 0
-124.5964035456227 381.9356205091638 0
107.1496089332395 507.9112874726446 0
353.2434843096747 603.207081060646 0
604.5537116115414 684.0555338392203 0
854.6958162866198 768.3706382870961 0
1096.083575170841 874.8657335814357 0
1320.92588931834 1012.82418171442 0
1510.121671004744 1190.179450914653 0
1260.706965605051 1233.828645085893 0
996.7666909115229 1228.225592214476 0
733.6084221915701 1210.937550076067 0
485.0774878147819 1124.59271330365 0
250.259609078141 1003.959133928076 0
8.146511840809961 899.383682062941 0
-246.4103931723088 829.7243829762203 0
-500.4507227576767 758.3044212330785 0
-740.414122757535 648.9814189357785 0
-961.7966160879256 505.5125369250597 0
-1166.024152457164 338.3654801404622 0
-1356.199645038609 155.3233897925878 0
-1536.274571728557 -37.71057330602094 0
-1714.928333100451 -232.0721261764883 0
-1902.98387345761 -417.2974167176918 0
-2035.932807009169 -639.3641115258037 0
-2174.739182430979 -790.5206333876329 0
-2404.855626073803 -663.8475044268802 0
-2568.829145668643 -460.1809477130525 0
-2616.169749705571 -202.8289967260179 0
-2544.728630988808 48.27795845078992 0
-2369.437893354483 244.1092370280976 0
-2160.940508743216 405.9897311298404 0
-1958.338742879228 575.1411252801275 0
-1763.679725602656 753.4785352273708 0
-1563.729046068212 925.8088749917217 0
-1355.783665959611 1088.438518797612 0
-1143.806611828615 1245.797128011802 0
-946.7071135254196 1420.098970866171 0
-830.7969614958126 1655.377208543206 0
-930.2718100584807 1800.459986758691 0
-1188.52955025208 1804.102312302125 0
-1407.238276765669 1944.478737306658 0
-1601.640567711688 2122.054837411925 0
-1731.734896849916 2349.31006433206 0
-1838.229749793754 2590.818057052313 0
692.9934785585624 2814.023866589846 0
826.6443731753208 3030.06771452268 0
694.0790004308756 3136.552375759936 0
449.3336474664585 3057.865495937496 0
202.1611078015857 2986.99646391876 0
93.23379239255851 2785.629519774019 0
-20.56233878653349 2567.06361008021 0
-260.6032123150849 2502.198496704775 0
-500.5254894488885 2592.791341766515 0
-690.2780760369341 2763.64036326233 0
-994.0550432968141 2809.496186344375 0
-996.181869653544 2551.413055094716 0
-957.6475127972986 2332.05560465178 0
-714.5658807790536 2250.152515640801 0
-644.1122543992326 2014.148696756267 0
-539.0230552083074 1891.82308774882 0
-367.7179166983385 2074.052438989299 0
-155.0337059804314 2222.820965813314 0
43.3262395357573 2390.853126744194 0
258.1660708161461 2536.710867681066 0
328.4416583723292 -1853.324453597317 0
107.3977607142135 -1972.329584197398 0
-114.8382987410543 -2089.090822557769 0
-338.8713245969174 -2202.362998833619 0
-379.5942822203979 -2389.360090298445 0
-236.0668187362367 -2594.834865954179 0
147.8449977341621 -2914.664864841274 0
388.7521861273369 -2920.896980231435 0
525.7076412850403 -2713.712738493468 0
611.9418515570201 -2481.484547759449 0
610.5194183048582 -2230.685123721361 0
591.3830022709187 -1980.399293735792 0
1309.801915695855 2923.934872971038 0
1986.365120174426 1000.611211064659 0
-2099.440897710788 -33.62504800966129 0
208.3383824937221 -1554.616150658507 0
1085.681035432042 3191.678878495164 0
1055.730344551592 2769.968815843855 0
-1279.507768215666 2289.793522992927 0
-1794.438334985244 226.2057715293403 0
-2252.476387703225 -371.9028557992127 0
1635.290567407901 844.1418858472473 0
-639.7386062537809 -2140.25650316544 0
838.3902971828684 -1473.800181828365 0
-906.1938676883171 2100.76634273847 0
-516.5005416313163 -212.8152771375215 0
-222.882613222153 2817.689513186097 0
280.2548080362446 -3191.226302960907 0
2221.534932385575 863.6311038587182 0
-71.08514750607181 -1799.560266521532 0
65.63831105264933 -1294.636740377107 0
-400.6277000356929 -1938.263328867858 0
1599.551072350641 2848.171389152631 0
-117.0212435528796 -3072.006220697729 0
598.5904887046381 -252.7353440299324 0
-580.6181070108941 1641.612467569897 0
881.9306382927161 3244.153850112553 0
-731.520951597662 1832.752851897891 0
1820.89570256931 1220.959223453447 0
-1195.506580152558 2059.983238866197 0
729.5037885690898 2508.172264331219 0
435.5392410480389 -1453.121898294975 0
-1673.664830010289 481.999630790874 0
1383.439907710075 3180.452146906212 0
542.3302597126517 -3179.293052655213 0
1239.516576854155 2615.435674520899 0
2226.517827720291 1113.580537058776 0
2025.164972493463 682.9150891251998 0
92.33627889674189 -1067.989117848959 0
-34.99072932585984 2953.451542129495 0
1048.289420812288 2985.12401311178 0
-275.3916720433675 -2859.478050355751 0
488.4729279274787 2391.390737875367 0
-441.1288133973925 2886.765238017623 0
-308.9895202481147 1847.21209041918 0
670.3262291534535 -2934.315525821548 0
451.8164786449195 -396.9095346952313 0
16.11987758536607 -1640.161011043336 0
-2333.759150954611 -127.5337849958222 0
1348.931701009689 -1500.020244428112 0
205.9984952384278 2169.248688184427 0
770.684731294347 -2653.557448138639 0
-589.6224303409313 -2349.14071614296 0
1393.325100301624 790.3533178534742 0
1018.010400633327 -1370.956710225242 0
-1655.566770387265 2522.885574991153 0
463.7951344250763 -71.23455817377933 0
-547.6119058490727 -2535.895913885985 0
-701.8980095590824 1510.008271056913 0
34.40866521347418 -3263.286334280079 0
-1838.262839863893 -20.6716158185802 0
807.7017155792038 -2387.850793538998 0
2.635369281781312 2045.765543502865 0
984.8045353087164 2529.360862901261 0
-662.4190721857374 2976.185844269692 0
-643.1698945220141 -386.146358378674 0
-2067.206969218734 180.53991380948 0
-1574.688196156954 242.9712463373791 0
746.4657459877329 -1826.426782502306 0
-1489.980660082662 2357.741841466362 0
-1017.264004264775 1974.037571918489 0
1770.434907966322 664.7717329553766 0
2046.849955819812 1273.206725024227 0
-76.63633641050878 -1173.782164686415 0
781.6102544170068 -2091.729334747865 0
1553.421654413421 3062.384378845077 0
-496.057088927121 -2091.536983684773 0
-1133.316332865658 2441.353477681812 0
1469.091468590463 2665.952307399057 0
-2222.421230211419 -567.8532391739035 0
1262.212816825086 3347.665278265939 0
-800.9089486361124 1980.249091161137 0
1199.124500402148 671.110555102392 0
-1004.209456001203 2938.876392130494 0
2388.105335861902 979.2748894490403 0
-1391.54455821929 370.8939984682225 0
-447.3658132549303 1749.065804691053 0
-2037.509075303579 -244.4854758662096 0
348.4855391878046 -1665.865428904163 0
1402.760832573507 1375.754156254095 0
1651.372341709254 1348.299727601016 0
1679.454592199171 1064.761758333762 0
-632.6233518569715 -1970.424914874755 0
896.5534933870806 2853.880430084592 0
655.3829089259422 -1371.980505924389 0
-2252.861119113451 71.04398475435423 0
-1553.106586950183 729.0560020699618 0
127.238265518891 -877.2821255326962 0
154.4993364230038 -1758.814974709092 0
-2433.32106822512 -315.8450432213002 0
-731.7598868614315 -536.4650910838351 0
638.4040512770981 -52.34731650197132 0
-1081.572677664045 2199.664959808279 0
2258.953933162631 650.5363806218932 0
-1930.917877167342 373.9752345079324 0
1135.724010735353 1387.609047058458 0
986.5023233732436 630.7538450529812 0
-33.89403017303869 1098.49697742514 0
-1382.972601214079 2146.34473510343 0
33.73071296340906 -1469.834255465157 0
648.9175291641351 -1570.935595833774 0
399.6417303767205 -3337.507748716072 0
-1322.970367326636 2468.288257722759 0
204.8467598855946 1187.939513304209 0
211.3935076543285 -1381.82532959441 0
-411.8005396972291 -2686.073849494062 0
-2085.988090870818 -454.573468403153 0
-171.2638135070169 -1671.366930591116 0
863.7772252885758 2679.278785396839 0
-172.9872592147508 1996.52690168197 0
825.3416222867456 -1668.692645165351 0
-1089.822059366923 2676.013435533749 0
931.4095599747486 1394.278443026728 0
1062.815881614753 3359.946207354495 0
960.6363669280919 3112.756114060544 0
1574.178637390593 674.5782154779216 0
1786.030370678855 2809.035062927126 0
117.3317626449844 -3097.917952788029 0
537.1502164032025 3204.691234770424 0
-209.6383996889157 -1946.398169352363 0
-321.351098654916 2683.887751001567 0
-380.1167820196064 -154.1102715193038 0
-330.6984941511449 -3033.633616740075 0
-797.1141066457283 -2104.053726332196 0
300.9248204541653 3157.04320744984 0
750.0301216821606 565.8957191981472 0
1212.830447424404 -1363.650008850136 0
-1371.795326126491 894.6528744379958 0
-779.3532985670826 3085.269540181837 0
-602.4101317303606 1764.292736166623 0
1229.805798994128 3104.411884841041 0
-701.2401298956996 1693.249896538439 0
-488.7767464678298 -2234.531458425048 0
562.3517575337758 1312.956417391792 0
1507.823564046356 980.4521189327114 0
-285.2655277227774 1017.367718942071 0
-1215.09886207379 521.8687218742135 0
-743.7008781249369 -2280.375004480011 0
-100.412655426993 2725.343197987329 0
717.3329024463112 -3123.338323636379 0
-1684.436665695783 98.08443030025357 0
80.23329130809401 3114.168852011547 0
526.1582399367936 510.2050295902569 0
-305.5907930093954 -1787.667567237387 0
251.4942599135555 -755.8806750016133 0
1819.342032048257 851.4403354652488 0
2412.856694316339 765.8922368192131 0
207.1877816103006 -3371.467785133116 0
-335.4116697526404 -282.7447737580826 0
297.0514841782516 2334.722851250167 0
-217.3665801248798 2989.341810317144 0
-64.74165932159063 -1355.491840580742 0
-475.1257468348473 -375.6906604690859 0
-2376.380691576442 -475.9259180668698 0
           1         169
           7           1
         117         116
         116         115
         181         180
         188         187
          90          89
         161         160
         183         182
          39          38
         196           6
          78          77
          73          72
          82          81
          44          43
         197         196
         185         184
         172         171
          30          29
          37          36
         100          99
         142         141
          42          41
         143         142
         128         127
          38          37
         162         161
         102         101
          54          53
         195         194
         192         191
          79          78
          43          42
          22          21
          68          67
         164         163
         148         147
          77          76
          89          88
         108         107
          91          90
         193         192
         112         111
         141         140
          94          93
          10           9
         158         157
         132         131
          31          30
          96          95
         170           3
         163         162
          84          83
         126         125
         179         178
          61          60
         186         185
          14          13
         115         114
          59          58
           8           7
          69          68
          34          33
          28          27
          49          48
         156         155
         198         197
          88           2
         124         123
          35          34
         166         165
          74          73
         109         108
         165         164
           2          87
          19          18
          81          80
         127         126
         177         176
          24          23
          87          86
         169         168
          26          25
         154         153
          92          91
          56          55
          86          85
         105         104
         114         113
         140         139
          36          35
         147         146
           4         179
           6         195
         173         172
         175         174
           3         189
         131         130
          55          54
         146         145
          93          92
          40          39
         171         170
          12          11
          48          47
         118         117
         139         138
          15          14
         155         154
         199         198
          32          31
         123         122
         111         110
          62          61
         122         121
         138         137
         151         150
          23          22
         168         167
          99          98
          75          74
         200         199
          29          28
          33          32
         149         148
          66          65
          83          82
         136         135
         107         106
          76          75
         103         102
          53          52
           5         201
          64          63
         189         188
          18          17
         167         166
         180           4
          41          40
          67          66
         144         143
         104         103
          51          50
          13          12
         201         200
         182         181
          97          96
          27          26
          85          84
          63          62
          21          20
         120         119
          57          56
         194         193
         187         186
         145         144
         150         149
          52          51
         101         100
          20          19
         174         173
          16          15
         190           5
         176         175
         134         133
         113         112
         135         134
          80          79
         191         190
         178         177
         153         152
         159         158
         121         120
          60          59
         157         156
         133         132
          17          16
         119         118
          65          64
          46          45
         106         105
           9           8
          47          46
         130         129
          95          94
          98          97
          50          49
         160         159
         137         136
          45          44
         129         128
         152         151
          58          57
          25          24
          71          70
         110         109
          11          10
          70          69
         125         124
          72          71
