0	0
0.2	0
0.4	0
0.6	0
0.8	0.551758992
1	1.417414671
1.2	2.203574248
1.4	2.673764832
1.6	2.937445563
1.8	3.155584865
2	3.306975942
2.2	3.356473716
2.4	3.36318529
2.6	3.262938593
2.8	3.096416797
3	2.87655841
3.2	2.64262676
3.4	2.330182164
3.6	2.033194886
3.8	1.57450511
4	1.024262662
4.2	0.211926618
4.4	-0.596136645
4.6	-1.157124969
4.8	-1.264227724
5	-1.312788086
5.2	-1.402662297
5.4	-1.494400785
5.6	-1.481137505
5.8	-1.509260606
6	-1.656707162
6.2	-1.701604389
6.4	-1.487038769
6.6	-1.272182208
6.8	-1.322544121
7	-1.344540773
7.2	-1.116385241
7.4	-0.754550731
7.6	-0.550658227
7.8	-0.434470533
8	-0.145215158
8.2	0.25838622
8.4	0.513754146
8.6	0.55235568
8.8	0.644268187
9	0.791265525
9.2	0.890314043
9.4	0.837869608
9.6	0.768755851
9.8	0.784160818
10	0.792929971
10.2	0.703348841
10.4	0.563561111
10.6	0.493729239
10.8	0.387246731
11	0.058507831
11.2	-0.299791811
11.4	-0.497170442
11.6	-0.494370316
11.8	-0.611178376
12	-0.80858592
12.2	-0.888176465
12.4	-0.877560099
12.6	-0.922290061
12.8	-0.995522068
13	-0.91407112
13.2	-0.823131923
13.4	-0.74815353
13.6	-0.636346725
13.8	-0.546753507
14	-0.444215966
14.2	-0.254831451
14.4	-0.119000291
14.6	-0.002483758
14.8	0.183299001
15	0.431023545
15.2	0.537110267
15.4	0.576958347
15.6	0.573617934
15.8	0.561916423
16	0.56033851
16.2	0.56033851
16.4	0.561916423
16.6	0.556138281
16.8	0.472367274
17	0.403900208
17.2	0.372764652
17.4	0.282360817
17.6	0.095172949
17.8	-0.078797176
18	-0.2552172
18.2	-0.35025255
18.4	-0.405224844
18.6	-0.468570399
18.8	-0.608053221
19	-0.640370011
19.2	-0.620318933
19.4	-0.576542123
19.6	-0.567409177
19.8	-0.550742763
20	-0.530920702
20.2	-0.484153482
20.4	-0.342502242
20.6	-0.172374559
20.8	-0.061951061
21	0.033013355
21.2	0.099811587
21.4	0.175062291
21.6	0.236301766
21.8	0.358981221
22	0.40260089
22.2	0.461009745
22.4	0.445541132
22.6	0.44403223
22.8	0.342609968
23	0.299880388
23.2	0.281436868
23.4	0.302223846
23.6	0.254993976
23.8	0.125780893
24	-0.053428172
24.2	-0.262539301
24.4	-0.354789222
24.6	-0.421494098
24.8	-0.438828978
25	-0.530290363
25.2	-0.566420799
25.4	-0.579380177
25.6	-0.527585729
25.8	-0.504812658
26	-0.487825801
26.2	-0.510136105
26.4	-0.507992032
26.6	-0.440448529
26.8	-0.296887295
27	-0.163918585
27.2	-0.029445524
27.4	0.043936957
27.6	0.031333174
27.8	0.002615895
28	0.035174484
28.2	0.129386918
28.4	0.197229015
28.6	0.283016527
28.8	0.262215683
29	0.215610421
29.2	0.133511956
29.4	0.20359687
29.6	0.189196168
29.8	0.097606546
30	-0.009497845
30.2	-0.058032543
30.4	-0.159124995
30.6	-0.198766097
30.8	-0.106776498
31	-0.134687471
31.2	-0.274285988
31.4	-0.323132661
31.6	-0.252043081
31.8	-0.283112975
32	-0.368879315
32.2	-0.43167977
32.4	-0.41727561
32.6	-0.419054468
32.8	-0.402832164
33	-0.41186284
33.2	-0.336178039
33.4	-0.291049569
33.6	-0.21906314
33.8	-0.121394228
34	-0.05516672
34.2	-0.004090379
34.4	0.044514836
34.6	0.109498458
34.8	0.104116662
35	0.099525099
35.2	0.087556332
35.4	0.144718026
35.6	0.205816555
35.8	0.21601099
36	0.154905659
36.2	0.117903281
36.4	0.052761978
36.6	0.060767127
36.8	-0.013827677
37	-0.124598808
37.2	-0.1649992
37.4	-0.158211776
37.6	-0.223259022
37.8	-0.206076471
38	-0.088397012
38.2	-0.0705033
38.4	-0.168419306
38.6	-0.279909425
38.8	-0.321793593
39	-0.311399499
39.2	-0.349705271
39.4	-0.437140985
39.6	-0.366550964
39.8	-0.299992077
40	-0.22596093
40.2	-0.222943862
40.4	-0.191540848
40.6	-0.198998143
40.8	-0.094211871
41	-0.057826682
41.2	-0.011408169
41.4	0.014938159
41.6	0.096285719
41.8	0.085421078
42	0.032227638
42.2	0.008263121
42.4	0.028466238
42.6	0.044272882
42.8	0.037929453
43	0.028314204
43.2	-0.01037136
43.4	-0.09382832
43.6	-0.089224975
43.8	-0.135050195
44	-0.145856967
44.2	-0.201082958
44.4	-0.185489846
44.6	-0.169290302
44.8	-0.128775417
45	-0.145309557
45.2	-0.151185766
45.4	-0.098717652
45.6	-0.101172355
45.8	-0.087449485
46	-0.079172394
46.2	-0.054802024
46.4	-0.091439696
46.6	-0.080591222
46.8	-0.062224953
47	0.020997231
47.2	-0.007386072
47.4	-0.08286992
47.6	-0.101962686
47.8	0.022751315
48	0.036482544
48.2	0.010511626
48.4	0.028523842
48.6	0.107625374
48.8	0.15279545
49	0.095042608
49.2	0.001880394
49.4	-0.019793273
49.6	0.065088827
49.8	0.045803917
50	-0.046833174
50.2	-0.073766025
50.4	-0.088033598
50.6	-0.107343917
50.8	-0.151444511
51	-0.218234304
51.2	-0.311307121
51.4	-0.327159635
51.6	-0.320047408
51.8	-0.196303303
52	-0.128154872
52.2	-0.109860385
52.4	-0.177210755
52.6	-0.18816277
52.8	-0.272292452
53	-0.211740484
53.2	-0.075942769
53.4	-0.041942118
53.6	-0.055089087
53.8	-0.106235938
54	-0.116233301
54.2	-0.126521269
54.4	-0.048289199
54.6	-0.100881235
54.8	-0.103493701
55	-0.12618789
55.2	-0.175545238
55.4	-0.184204169
55.6	-0.149915567
55.8	-0.134587218
56	-0.12502541
56.2	-0.037376851
56.4	-0.051893152
56.6	-0.118958831
56.8	-0.182104623
57	-0.16302706
57.2	-0.197758548
57.4	-0.225942694
57.6	-0.174485972
57.8	-0.131346655
58	-0.186131341
58.2	-0.174315122
58.4	-0.150423391
58.6	-0.112532317
58.8	-0.071604275
59	-0.042644316
59.2	-0.156702082
59.4	-0.207094536
59.6	-0.170893425
59.8	-0.077777373
60	0.008455421
60.2	0.036112632
60.4	-0.007215651
60.6	0.00978215
60.8	0.017642962
61	0.017047666
61.2	0.004828178
61.4	0.010161196
61.6	-0.019435041
61.8	-0.000512923
62	0.013341853
62.2	-0.052195234
62.4	-0.126754447
62.6	-0.125856611
62.8	-0.042305308
63	0.001412883
63.2	-0.029362454
63.4	-0.093987703
63.6	-0.107268432
63.8	-0.114008986
64	-0.032422629
64.2	0.024624701
64.4	0.016675187
64.6	0.000824263
64.8	-0.078419597
65	-0.159284678
65.2	-0.171498074
65.4	-0.058521968
65.6	-0.124897413
65.8	-0.186753454
66	-0.213191245
66.2	-0.109952163
66.4	-0.065822026
66.6	-0.07677929
66.8	-0.202948135
67	-0.178540899
67.2	-0.139521867
67.4	-0.090693849
67.6	-0.063861907
67.8	0.047603245
68	0.010519707
68.2	-0.058876835
68.4	-0.07949476
68.6	-0.028176965
68.8	-0.019036198
69	-0.005238704
69.2	-0.003217838
69.4	0.04403735
69.6	-0.004902991
69.8	-0.05522202
70	-0.051204229
70.2	-0.014378017
70.4	-0.033565734
70.6	-0.086978711
70.8	-0.16176516
71	-0.222263401
71.2	-0.23448599
71.4	-0.247204224
71.6	-0.266242903
71.8	-0.243256138
72	-0.132702141
72.2	-0.007433433
72.4	0.07318021
72.6	0.002857644
72.8	-0.068238976
73	-0.085369333
73.2	-0.005577794
73.4	0.095155782
73.6	0.128996396
73.8	0.085777663
74	-0.008777531
74.2	-0.070133584
74.4	-0.071802896
74.6	-0.042125184
74.8	-0.105352685
75	-0.141287069
75.2	-0.069889611
75.4	0.006413442
75.6	-0.037552203
75.8	-0.0505471
76	-0.02863435
76.2	0.041518071
76.4	0.008435912
76.6	-0.067605006
76.8	-0.094907241
77	-0.029276018
77.2	-0.082816905
77.4	-0.149691431
77.6	-0.187671453
77.8	-0.19104883
78	-0.120582607
78.2	9.14783E-05
78.4	0.013572954
78.6	-0.042211103
78.8	-0.081921105
79	-0.150319067
79.2	-0.170705946
79.4	-0.137217621
79.6	-0.149997384
79.8	-0.140868094
80	-0.131293044
80.2	-0.096250833
80.4	-0.11038389
80.6	-0.093531417
80.8	-0.153202641
81	-0.137777784
81.2	-0.152882898
81.4	-0.077770728
81.6	-0.026500479
81.8	-0.032632301
82	-0.149770945
82.2	-0.134961555
82.4	-0.120541883
82.6	-0.114281611
82.8	-0.085352433
83	-0.055614025
83.2	-0.126728181
83.4	-0.234834248
83.6	-0.244731796
83.8	-0.257236089
84	-0.165762061
84.2	-0.133117402
84.4	-0.147425423
84.6	-0.218919668
84.8	-0.21963323
85	-0.213695302
85.2	-0.15209996
85.4	-0.158288754
85.6	-0.192867553
85.8	-0.20585249
86	-0.164229305
86.2	-0.130039151
86.4	-0.054012406
86.6	-0.033033667
86.8	-0.112200609
87	-0.168334356
87.2	-0.160238479
87.4	-0.071999998
87.6	-0.052288449
87.8	0.022345028
88	0.074001996
88.2	0.105661153
88.4	-0.064739728
88.6	-0.16268312
88.8	-0.211280204
89	-0.187375806
89.2	-0.216296154
89.4	-0.148111613
89.6	-0.085019057
89.8	0.00560038
90	0.044456072
90.2	-0.00406525
90.4	-0.050954229
90.6	0.022543456
90.8	0.016403058
91	-0.065183003
91.2	-0.046941
91.4	0.001766479
91.6	-0.048257318
91.8	-0.114265428
92	-0.028710812
92.2	-0.006994122
92.4	0.023232531
92.6	-0.051149855
92.8	-0.097188344
93	-0.192465939
93.2	-0.144375013
93.4	-0.074078704
93.6	-0.046270975
93.8	-0.183265449
94	-0.260295507
94.2	-0.250887749
94.4	-0.181786314
94.6	-0.173674418
94.8	-0.243901338
95	-0.266390514
95.2	-0.22265882
95.4	-0.127371283
95.6	-0.175839759
95.8	-0.157544683
96	-0.168228858
96.2	-0.164655558
96.4	-0.178788901
96.6	-0.156753395
96.8	-0.176049514
97	-0.122579947
97.2	-0.062794973
97.4	-0.058089529
97.6	-0.095017175
97.8	-0.088225085
98	-0.081125826
98.2	-0.042414241
98.4	-0.049868599
98.6	-0.059610756
98.8	-0.100857789
99	-0.066931041
99.2	-0.055481618
99.4	-0.050703669
99.6	-0.116032016
99.8	-0.176045514
